{"items": [{"name": "1888", "vec": [0, 0, 0, 0, 0, 0, 0, 2, 0, 0, 0, 0, 0, 0, 0, 0, 0, 0, 0, 0, 0, 0, 2, 0, 0, 0, 0, 0]}, {"name": "1893", "vec": [0, 0, 0, 0, 0, 0, 0, 0, 0, 0, 0, 0, 0, 0, 0, 0, 0, 0, 0, 0, 0, 0, 1, 0, 0, 0, 0, 0]}, {"name": "1894", "vec": [0, 0, 0, 0, 0, 0, 0, 0, 0, 0, 0, 0, 0, 0, 0, 0, 0, 0, 0, 0, 0, 0, 1, 0, 0, 0, 0, 0]}, {"name": "1899", "vec": [0, 0, 0, 0, 0, 1, 0, 0, 0, 0, 0, 0, 0, 0, 0, 0, 0, 0, 0, 0, 1, 0, 1, 0, 0, 0, 0, 0]}, {"name": "1900", "vec": [0, 0, 0, 0, 0, 0, 0, 0, 1, 0, 0, 0, 0, 0, 0, 0, 0, 0, 0, 0, 0, 0, 1, 0, 0, 0, 0, 0]}, {"name": "1902", "vec": [0, 0, 1, 0, 0, 0, 0, 0, 0, 0, 1, 0, 0, 0, 0, 0, 0, 0, 0, 0, 0, 0, 1, 0, 0, 0, 0, 0]}, {"name": "1903", "vec": [1, 0, 0, 0, 0, 0, 0, 0, 0, 0, 0, 0, 0, 0, 0, 0, 0, 0, 0, 0, 0, 0, 2, 0, 0, 0, 0, 1]}, {"name": "1904", "vec": [0, 0, 0, 0, 0, 0, 0, 0, 0, 0, 0, 0, 0, 0, 0, 0, 0, 0, 0, 0, 0, 0, 1, 0, 0, 0, 0, 1]}, {"name": "1910", "vec": [0, 0, 0, 0, 0, 0, 0, 0, 1, 0, 1, 0, 0, 0, 0, 0, 0, 0, 0, 0, 0, 0, 1, 0, 0, 0, 0, 0]}, {"name": "1911", "vec": [0, 0, 0, 0, 0, 0, 1, 0, 2, 0, 0, 0, 0, 1, 0, 0, 0, 0, 0, 0, 1, 0, 4, 0, 0, 0, 0, 1]}, {"name": "1912", "vec": [0, 0, 0, 0, 0, 1, 1, 0, 1, 0, 1, 0, 0, 0, 0, 0, 0, 0, 0, 0, 0, 0, 2, 0, 0, 0, 0, 0]}, {"name": "1913", "vec": [1, 0, 0, 0, 0, 0, 3, 0, 4, 0, 1, 0, 0, 0, 0, 0, 0, 0, 0, 0, 0, 0, 3, 0, 0, 0, 0, 1]}, {"name": "1914", "vec": [1, 0, 1, 0, 0, 2, 0, 0, 4, 0, 0, 0, 0, 0, 0, 0, 0, 0, 0, 0, 1, 0, 2, 0, 0, 0, 1, 1]}, {"name": "1915", "vec": [0, 0, 0, 0, 1, 1, 1, 0, 6, 0, 0, 0, 0, 1, 0, 0, 0, 0, 0, 0, 1, 0, 2, 0, 0, 0, 0, 0]}, {"name": "1916", "vec": [0, 0, 0, 0, 0, 3, 0, 0, 3, 0, 0, 0, 0, 1, 0, 0, 0, 0, 0, 0, 1, 0, 4, 0, 0, 0, 0, 1]}, {"name": "1917", "vec": [2, 0, 1, 0, 1, 6, 0, 0, 6, 0, 0, 0, 0, 2, 0, 0, 0, 0, 0, 0, 0, 0, 4, 0, 0, 0, 1, 0]}, {"name": "1918", "vec": [0, 0, 1, 0, 0, 2, 0, 0, 4, 0, 0, 0, 0, 0, 0, 0, 0, 0, 0, 0, 1, 0, 1, 1, 0, 1, 2, 0]}, {"name": "1919", "vec": [1, 0, 1, 0, 0, 4, 0, 0, 5, 0, 1, 0, 0, 0, 0, 0, 0, 0, 0, 0, 2, 0, 0, 0, 0, 0, 0, 0]}, {"name": "1920", "vec": [0, 0, 0, 0, 0, 4, 1, 0, 3, 0, 0, 0, 0, 0, 3, 0, 0, 0, 0, 0, 2, 1, 3, 0, 0, 0, 0, 0]}, {"name": "1921", "vec": [0, 0, 2, 0, 0, 4, 1, 0, 10, 1, 1, 0, 0, 0, 1, 0, 0, 1, 0, 0, 2, 0, 0, 0, 0, 0, 1, 0]}, {"name": "1922", "vec": [0, 0, 1, 0, 0, 1, 0, 0, 7, 3, 2, 0, 0, 0, 0, 0, 0, 0, 0, 0, 5, 0, 1, 1, 0, 0, 0, 0]}, {"name": "1923", "vec": [0, 0, 0, 0, 0, 6, 0, 0, 3, 0, 0, 0, 0, 0, 0, 0, 0, 0, 0, 0, 4, 0, 1, 0, 0, 1, 0, 0]}, {"name": "1924", "vec": [2, 0, 0, 0, 0, 4, 2, 0, 6, 0, 0, 0, 0, 0, 0, 0, 0, 0, 0, 0, 4, 0, 3, 0, 0, 0, 0, 0]}, {"name": "1925", "vec": [1, 0, 4, 0, 0, 6, 3, 0, 11, 2, 2, 0, 0, 2, 1, 0, 0, 0, 0, 0, 4, 0, 1, 0, 0, 0, 1, 2]}, {"name": "1926", "vec": [2, 0, 3, 0, 0, 7, 1, 0, 11, 1, 1, 0, 0, 0, 3, 1, 0, 0, 0, 0, 6, 0, 2, 0, 0, 0, 0, 0]}, {"name": "1927", "vec": [0, 0, 1, 0, 1, 8, 3, 1, 16, 0, 1, 0, 0, 2, 1, 1, 1, 1, 0, 0, 8, 1, 0, 1, 0, 0, 1, 0]}, {"name": "1928", "vec": [2, 0, 1, 0, 0, 8, 3, 0, 15, 1, 0, 0, 0, 1, 0, 0, 0, 0, 0, 0, 14, 0, 0, 0, 0, 0, 2, 1]}, {"name": "1929", "vec": [0, 0, 4, 0, 0, 5, 2, 1, 20, 0, 0, 0, 0, 1, 0, 0, 10, 1, 0, 0, 13, 0, 1, 1, 0, 1, 1, 0]}, {"name": "1930", "vec": [1, 0, 1, 1, 0, 13, 1, 0, 11, 0, 0, 0, 0, 0, 0, 1, 5, 1, 0, 0, 5, 0, 2, 0, 0, 1, 3, 1]}, {"name": "1931", "vec": [0, 0, 3, 0, 0, 12, 5, 1, 17, 0, 1, 1, 0, 0, 4, 0, 4, 2, 0, 0, 14, 2, 0, 0, 0, 3, 2, 1]}, {"name": "1932", "vec": [1, 0, 4, 0, 0, 10, 8, 0, 16, 1, 0, 1, 0, 0, 8, 0, 1, 3, 0, 0, 10, 1, 2, 0, 0, 2, 1, 0]}, {"name": "1933", "vec": [1, 0, 2, 1, 2, 13, 3, 0, 21, 2, 1, 0, 0, 2, 2, 0, 7, 0, 0, 0, 16, 1, 4, 0, 0, 0, 3, 1]}, {"name": "1934", "vec": [3, 0, 4, 1, 2, 14, 3, 1, 14, 3, 2, 1, 0, 3, 1, 1, 7, 0, 0, 0, 16, 0, 3, 0, 0, 0, 1, 0]}, {"name": "1935", "vec": [2, 0, 4, 0, 0, 11, 4, 1, 14, 2, 1, 1, 0, 4, 3, 2, 6, 2, 0, 0, 12, 2, 1, 0, 0, 1, 2, 0]}, {"name": "1936", "vec": [2, 0, 3, 0, 3, 18, 8, 1, 20, 2, 1, 2, 0, 2, 3, 0, 11, 6, 0, 0, 16, 4, 3, 0, 0, 2, 1, 0]}, {"name": "1937", "vec": [3, 0, 3, 1, 2, 15, 4, 0, 19, 7, 2, 1, 0, 2, 0, 0, 2, 1, 1, 0, 14, 0, 4, 1, 0, 2, 1, 1]}, {"name": "1938", "vec": [4, 0, 4, 1, 1, 13, 5, 3, 14, 2, 1, 2, 0, 4, 0, 1, 4, 3, 0, 0, 16, 0, 3, 2, 0, 1, 1, 1]}, {"name": "1939", "vec": [2, 0, 10, 2, 2, 13, 6, 1, 29, 6, 1, 2, 0, 3, 2, 0, 4, 1, 0, 0, 11, 2, 3, 0, 0, 2, 4, 4]}, {"name": "1940", "vec": [5, 0, 6, 2, 4, 16, 5, 1, 23, 2, 2, 5, 0, 3, 1, 1, 3, 3, 0, 0, 14, 1, 2, 1, 0, 4, 5, 4]}, {"name": "1941", "vec": [3, 0, 7, 0, 2, 21, 4, 1, 23, 1, 1, 3, 0, 2, 2, 0, 10, 2, 0, 0, 17, 1, 0, 0, 0, 3, 1, 1]}, {"name": "1942", "vec": [8, 0, 7, 3, 2, 10, 5, 1, 36, 5, 1, 3, 0, 0, 4, 0, 4, 7, 0, 0, 17, 2, 4, 1, 0, 4, 12, 1]}, {"name": "1943", "vec": [5, 0, 6, 2, 1, 12, 3, 3, 26, 3, 5, 2, 0, 1, 2, 0, 5, 3, 0, 0, 9, 1, 5, 0, 0, 3, 15, 2]}, {"name": "1944", "vec": [1, 0, 4, 1, 2, 10, 7, 1, 23, 6, 2, 7, 0, 2, 2, 2, 2, 2, 0, 0, 10, 1, 2, 0, 0, 1, 10, 1]}, {"name": "1945", "vec": [3, 0, 7, 0, 3, 9, 12, 3, 28, 3, 5, 12, 0, 1, 3, 2, 7, 6, 0, 0, 9, 0, 3, 0, 0, 5, 4, 0]}, {"name": "1946", "vec": [1, 0, 3, 4, 1, 4, 9, 1, 28, 5, 5, 17, 0, 1, 0, 3, 0, 2, 0, 0, 12, 0, 3, 0, 0, 3, 1, 2]}, {"name": "1947", "vec": [2, 0, 7, 1, 0, 12, 20, 0, 33, 2, 4, 23, 0, 0, 0, 1, 3, 7, 0, 0, 9, 0, 1, 0, 0, 3, 0, 1]}, {"name": "1948", "vec": [9, 0, 10, 0, 1, 10, 16, 0, 39, 2, 3, 17, 0, 2, 2, 1, 3, 2, 0, 0, 12, 0, 3, 0, 0, 9, 4, 6]}, {"name": "1949", "vec": [5, 0, 3, 4, 1, 9, 14, 0, 37, 8, 2, 17, 0, 2, 0, 1, 3, 3, 0, 0, 12, 0, 3, 0, 0, 7, 5, 1]}, {"name": "1950", "vec": [4, 0, 8, 2, 1, 7, 17, 3, 31, 5, 3, 20, 0, 1, 0, 1, 3, 3, 0, 0, 11, 2, 2, 2, 0, 7, 3, 9]}, {"name": "1951", "vec": [5, 0, 7, 1, 1, 6, 9, 4, 34, 3, 3, 9, 0, 2, 2, 0, 7, 1, 0, 0, 14, 5, 3, 2, 0, 2, 7, 6]}, {"name": "1952", "vec": [5, 0, 10, 1, 1, 12, 8, 0, 32, 3, 2, 9, 0, 5, 1, 1, 6, 0, 0, 0, 9, 1, 1, 1, 0, 2, 5, 5]}, {"name": "1953", "vec": [6, 0, 12, 3, 1, 14, 12, 1, 42, 5, 2, 9, 0, 5, 5, 0, 6, 2, 0, 0, 15, 5, 2, 2, 0, 7, 5, 10]}, {"name": "1954", "vec": [7, 0, 18, 3, 4, 6, 9, 0, 38, 3, 2, 6, 0, 6, 4, 2, 4, 3, 0, 0, 12, 3, 2, 0, 0, 2, 3, 5]}, {"name": "1955", "vec": [7, 0, 7, 3, 6, 14, 18, 1, 49, 0, 1, 10, 0, 4, 6, 1, 6, 4, 0, 0, 19, 6, 3, 0, 0, 3, 7, 2]}, {"name": "1956", "vec": [6, 0, 9, 0, 5, 9, 6, 0, 33, 1, 3, 4, 0, 5, 5, 0, 6, 3, 0, 0, 14, 6, 4, 1, 0, 4, 5, 6]}, {"name": "1957", "vec": [4, 0, 5, 1, 1, 12, 2, 0, 41, 0, 2, 1, 0, 2, 9, 2, 9, 2, 0, 0, 16, 9, 2, 1, 0, 2, 9, 8]}, {"name": "1958", "vec": [4, 0, 8, 0, 2, 13, 6, 0, 30, 1, 2, 4, 0, 3, 12, 0, 1, 1, 0, 0, 13, 11, 0, 0, 0, 6, 8, 4]}, {"name": "1959", "vec": [6, 0, 9, 1, 1, 13, 7, 0, 37, 5, 5, 0, 0, 3, 7, 1, 3, 4, 0, 0, 10, 9, 1, 0, 0, 5, 12, 8]}, {"name": "1960", "vec": [5, 0, 12, 0, 1, 12, 13, 1, 37, 4, 6, 0, 0, 4, 11, 2, 1, 6, 0, 0, 11, 6, 1, 1, 0, 11, 2, 7]}, {"name": "1961", "vec": [5, 0, 9, 1, 1, 8, 4, 0, 25, 2, 0, 0, 0, 1, 3, 0, 2, 0, 0, 0, 7, 4, 0, 1, 0, 1, 2, 4]}, {"name": "1962", "vec": [9, 0, 16, 1, 4, 10, 4, 0, 40, 4, 5, 0, 0, 6, 4, 0, 2, 2, 0, 0, 9, 1, 3, 0, 0, 7, 4, 5]}, {"name": "1963", "vec": [5, 0, 12, 1, 2, 19, 8, 0, 31, 4, 2, 0, 0, 4, 11, 1, 3, 8, 0, 0, 8, 6, 3, 0, 0, 5, 3, 1]}, {"name": "1964", "vec": [9, 0, 16, 0, 3, 18, 7, 0, 39, 3, 2, 0, 0, 6, 9, 3, 6, 5, 0, 0, 8, 6, 2, 0, 0, 6, 7, 6]}, {"name": "1965", "vec": [9, 0, 17, 0, 1, 10, 2, 1, 36, 2, 3, 0, 0, 6, 4, 1, 3, 4, 0, 0, 5, 8, 2, 0, 0, 5, 12, 10]}, {"name": "1966", "vec": [7, 0, 13, 1, 2, 16, 11, 2, 40, 5, 1, 0, 0, 5, 3, 0, 2, 5, 0, 0, 9, 4, 2, 1, 0, 5, 6, 13]}, {"name": "1967", "vec": [14, 0, 14, 3, 2, 20, 13, 2, 46, 6, 1, 0, 0, 4, 6, 1, 5, 8, 0, 0, 13, 4, 2, 0, 0, 5, 5, 11]}, {"name": "1968", "vec": [12, 0, 16, 3, 3, 20, 11, 1, 48, 4, 6, 0, 0, 3, 6, 1, 4, 9, 0, 0, 9, 5, 2, 0, 0, 7, 9, 14]}, {"name": "1969", "vec": [9, 0, 12, 1, 1, 13, 11, 2, 47, 4, 3, 0, 0, 4, 3, 1, 2, 1, 0, 0, 8, 4, 1, 1, 0, 4, 10, 10]}, {"name": "1970", "vec": [12, 0, 15, 2, 3, 12, 9, 2, 44, 3, 5, 0, 0, 9, 6, 1, 1, 5, 0, 0, 9, 6, 0, 0, 0, 10, 6, 12]}, {"name": "1971", "vec": [19, 3, 13, 0, 4, 21, 16, 3, 47, 4, 5, 0, 0, 3, 8, 0, 3, 9, 0, 0, 11, 7, 1, 1, 0, 20, 6, 17]}, {"name": "1972", "vec": [16, 3, 10, 0, 2, 14, 12, 4, 36, 4, 4, 0, 0, 4, 12, 1, 2, 4, 0, 0, 6, 7, 1, 0, 0, 9, 2, 11]}, {"name": "1973", "vec": [21, 0, 5, 5, 5, 20, 22, 3, 46, 4, 5, 0, 0, 2, 14, 0, 1, 5, 0, 0, 3, 6, 1, 1, 0, 12, 2, 7]}, {"name": "1974", "vec": [21, 0, 8, 3, 3, 18, 17, 4, 38, 5, 4, 0, 0, 2, 8, 0, 1, 4, 0, 0, 5, 5, 2, 1, 0, 13, 1, 2]}, {"name": "1975", "vec": [11, 1, 12, 0, 4, 22, 9, 2, 32, 2, 5, 0, 0, 3, 7, 2, 5, 8, 0, 0, 8, 6, 0, 1, 0, 4, 5, 5]}, {"name": "1976", "vec": [8, 3, 6, 2, 3, 21, 10, 4, 35, 4, 5, 0, 0, 6, 8, 3, 2, 11, 0, 0, 8, 6, 0, 3, 0, 13, 1, 7]}, {"name": "1977", "vec": [15, 1, 18, 3, 4, 18, 6, 3, 38, 3, 10, 0, 0, 6, 11, 1, 0, 8, 0, 0, 6, 8, 0, 2, 0, 12, 9, 0]}, {"name": "1978", "vec": [17, 1, 11, 2, 3, 24, 14, 5, 37, 3, 3, 0, 0, 1, 14, 6, 3, 8, 0, 0, 12, 9, 1, 2, 0, 10, 3, 1]}, {"name": "1979", "vec": [14, 1, 13, 5, 3, 23, 6, 1, 32, 7, 3, 0, 0, 4, 11, 3, 2, 4, 0, 0, 9, 12, 1, 3, 0, 6, 5, 3]}, {"name": "1980", "vec": [21, 0, 14, 2, 6, 25, 11, 4, 37, 5, 4, 0, 0, 2, 15, 3, 3, 6, 0, 0, 4, 6, 4, 2, 0, 12, 4, 2]}, {"name": "1981", "vec": [17, 0, 18, 6, 7, 29, 12, 5, 42, 4, 8, 0, 0, 5, 17, 2, 7, 5, 0, 0, 10, 4, 3, 3, 0, 15, 1, 2]}, {"name": "1982", "vec": [16, 0, 12, 7, 3, 37, 13, 9, 43, 8, 7, 0, 0, 5, 14, 2, 7, 10, 0, 0, 9, 11, 3, 1, 0, 7, 2, 0]}, {"name": "1983", "vec": [19, 0, 17, 5, 2, 33, 10, 9, 44, 3, 10, 0, 0, 4, 12, 5, 4, 7, 0, 0, 11, 10, 2, 1, 0, 13, 4, 0]}, {"name": "1984", "vec": [23, 1, 17, 4, 3, 38, 14, 4, 33, 6, 9, 0, 0, 3, 10, 6, 1, 2, 0, 0, 14, 16, 2, 1, 0, 7, 3, 0]}, {"name": "1985", "vec": [24, 0, 25, 3, 6, 42, 18, 9, 45, 12, 11, 0, 0, 5, 12, 3, 4, 6, 0, 0, 18, 13, 2, 2, 0, 11, 4, 1]}, {"name": "1986", "vec": [22, 0, 23, 9, 5, 41, 20, 2, 45, 9, 8, 0, 0, 5, 12, 3, 1, 8, 0, 0, 16, 13, 2, 5, 0, 10, 2, 0]}, {"name": "1987", "vec": [26, 0, 19, 5, 4, 50, 23, 4, 55, 10, 11, 0, 0, 5, 18, 3, 2, 4, 0, 0, 20, 9, 4, 1, 1, 14, 5, 1]}, {"name": "1988", "vec": [26, 0, 17, 9, 6, 46, 26, 5, 58, 9, 8, 0, 0, 2, 17, 7, 2, 8, 0, 0, 24, 9, 1, 3, 0, 13, 5, 1]}, {"name": "1989", "vec": [37, 1, 17, 9, 5, 58, 29, 4, 54, 11, 10, 0, 0, 7, 21, 5, 4, 8, 0, 0, 14, 15, 4, 4, 0, 16, 5, 0]}, {"name": "1990", "vec": [23, 0, 17, 2, 7, 40, 27, 9, 57, 8, 10, 0, 0, 3, 14, 4, 2, 9, 0, 0, 25, 9, 0, 1, 0, 20, 3, 1]}, {"name": "1991", "vec": [26, 0, 19, 6, 4, 60, 22, 7, 60, 9, 18, 0, 0, 2, 7, 5, 4, 4, 0, 0, 15, 7, 2, 0, 0, 15, 2, 2]}, {"name": "1992", "vec": [24, 1, 15, 4, 8, 45, 28, 10, 69, 7, 8, 0, 0, 3, 10, 3, 2, 8, 0, 0, 26, 7, 1, 6, 0, 20, 2, 1]}, {"name": "1993", "vec": [43, 0, 21, 10, 20, 64, 33, 9, 103, 20, 12, 0, 0, 13, 12, 11, 3, 17, 0, 0, 23, 9, 5, 2, 0, 21, 3, 3]}, {"name": "1994", "vec": [34, 0, 23, 10, 8, 75, 29, 13, 80, 23, 14, 0, 0, 3, 12, 4, 3, 10, 0, 0, 25, 11, 3, 10, 0, 20, 3, 2]}, {"name": "1995", "vec": [43, 0, 23, 12, 12, 61, 33, 13, 87, 16, 16, 0, 0, 5, 17, 4, 2, 14, 0, 0, 28, 16, 3, 3, 0, 23, 3, 2]}, {"name": "1996", "vec": [36, 0, 28, 6, 8, 75, 26, 11, 104, 18, 13, 0, 0, 10, 12, 5, 6, 6, 0, 0, 33, 12, 4, 8, 0, 28, 6, 0]}, {"name": "1997", "vec": [41, 0, 25, 12, 11, 69, 39, 24, 104, 19, 14, 0, 0, 10, 10, 5, 5, 21, 0, 0, 29, 17, 8, 1, 0, 23, 5, 1]}, {"name": "1998", "vec": [46, 1, 28, 17, 10, 97, 42, 17, 100, 15, 11, 0, 0, 5, 18, 9, 3, 21, 0, 0, 40, 19, 11, 6, 0, 27, 6, 2]}, {"name": "1999", "vec": [41, 0, 25, 14, 13, 82, 34, 18, 105, 13, 15, 0, 0, 8, 19, 7, 7, 22, 0, 0, 35, 15, 7, 5, 0, 36, 7, 2]}, {"name": "2000", "vec": [39, 0, 29, 18, 16, 93, 39, 34, 126, 12, 18, 0, 0, 8, 19, 8, 8, 17, 0, 0, 57, 17, 15, 8, 0, 37, 12, 2]}, {"name": "2001", "vec": [56, 0, 35, 19, 15, 97, 50, 36, 129, 15, 21, 0, 0, 8, 18, 6, 9, 29, 0, 0, 50, 17, 15, 7, 0, 37, 8, 3]}, {"name": "2002", "vec": [51, 0, 35, 14, 17, 95, 49, 39, 148, 19, 20, 0, 0, 12, 22, 3, 7, 29, 0, 0, 53, 16, 23, 4, 0, 37, 11, 1]}, {"name": "2003", "vec": [63, 2, 41, 27, 16, 96, 51, 60, 130, 18, 21, 0, 0, 11, 20, 5, 6, 14, 0, 1, 48, 18, 38, 3, 0, 34, 5, 1]}, {"name": "2004", "vec": [68, 0, 43, 19, 20, 108, 46, 53, 157, 22, 20, 0, 0, 10, 27, 13, 5, 27, 0, 0, 60, 19, 26, 4, 0, 41, 6, 2]}, {"name": "2005", "vec": [56, 0, 39, 20, 21, 131, 56, 57, 177, 31, 18, 0, 1, 14, 37, 14, 12, 28, 0, 0, 60, 16, 28, 15, 0, 41, 6, 2]}, {"name": "2006", "vec": [58, 2, 44, 30, 21, 127, 49, 63, 172, 29, 28, 0, 0, 21, 30, 11, 3, 23, 0, 0, 51, 20, 21, 16, 3, 43, 13, 0]}, {"name": "2007", "vec": [56, 1, 34, 22, 28, 115, 67, 60, 185, 23, 24, 0, 0, 16, 47, 11, 7, 40, 0, 0, 53, 20, 29, 12, 2, 60, 9, 2]}, {"name": "2008", "vec": [72, 2, 52, 27, 30, 116, 58, 37, 190, 24, 24, 0, 0, 26, 35, 15, 4, 23, 0, 0, 55, 22, 16, 10, 0, 43, 14, 1]}, {"name": "2009", "vec": [71, 1, 54, 26, 23, 131, 56, 35, 187, 26, 28, 0, 0, 19, 36, 11, 3, 46, 0, 0, 43, 29, 10, 9, 1, 43, 11, 0]}, {"name": "2010", "vec": [78, 3, 43, 22, 19, 121, 42, 42, 160, 26, 23, 0, 1, 15, 29, 7, 3, 21, 0, 0, 46, 18, 17, 4, 0, 54, 5, 2]}, {"name": "2011", "vec": [68, 0, 44, 22, 15, 103, 42, 41, 130, 16, 23, 0, 0, 12, 32, 4, 3, 16, 0, 0, 38, 33, 18, 6, 1, 53, 5, 1]}, {"name": "2012", "vec": [69, 0, 40, 19, 10, 96, 40, 33, 100, 12, 21, 0, 0, 8, 21, 2, 2, 17, 0, 1, 32, 27, 14, 4, 0, 51, 3, 2]}, {"name": "2013", "vec": [63, 0, 33, 14, 24, 81, 47, 25, 103, 8, 17, 0, 1, 7, 25, 4, 1, 15, 1, 1, 24, 26, 19, 2, 0, 49, 0, 2]}, {"name": "2014", "vec": [22, 0, 14, 7, 0, 15, 8, 3, 19, 1, 11, 0, 0, 0, 2, 0, 0, 5, 0, 0, 5, 5, 4, 0, 0, 7, 1, 0]}, {"name": "2015", "vec": [2, 0, 3, 1, 1, 0, 0, 0, 4, 1, 0, 0, 0, 0, 1, 0, 0, 0, 0, 0, 0, 2, 1, 0, 0, 1, 0, 0]}, {"name": "2016", "vec": [1, 0, 1, 0, 0, 0, 0, 0, 1, 0, 0, 0, 0, 0, 0, 0, 0, 0, 0, 0, 0, 0, 0, 0, 0, 0, 0, 0]}, {"name": "2017", "vec": [1, 0, 1, 0, 0, 0, 0, 0, 0, 0, 1, 0, 0, 0, 0, 0, 0, 0, 0, 0, 0, 0, 0, 0, 0, 0, 0, 0]}], "labels": [{"name": "Action"}, {"name": "Adult"}, {"name": "Adventure"}, {"name": "Animation"}, {"name": "Biography"}, {"name": "Comedy"}, {"name": "Crime"}, {"name": "Documentary"}, {"name": "Drama"}, {"name": "Family"}, {"name": "Fantasy"}, {"name": "FilmNoir"}, {"name": "GameShow"}, {"name": "History"}, {"name": "Horror"}, {"name": "Music"}, {"name": "Musical"}, {"name": "Mystery"}, {"name": "News"}, {"name": "RealityTV"}, {"name": "Romance"}, {"name": "SciFi"}, {"name": "Short"}, {"name": "Sport"}, {"name": "TalkShow"}, {"name": "Thriller"}, {"name": "War"}, {"name": "Western"}], "corr": {"spearman": [[1.0, -0.02338929884386756, 0.2587712975699709, 0.009496783204375562, -0.05454922327797265, -0.10503058442825322, 0.1374164766580349, -0.13184235318610307, -0.10956789764576107, -0.09879136550035181, 0.021033632707748, -0.059353684263606266, -0.007646998590055133, -0.03514177823721467, -0.060241471372937866, -0.07088835956395524, -0.06142128580414116, -0.07403815503209168, -0.006243456541422164, -0.007646998590055133, -0.13993556538521887, 0.1029498250139808, -0.08542565896872387, -0.03315872801814639, -0.012490414250187166, 0.05620460425325803, -0.01994446193759553, -0.016835733441333628], [-0.02338929884386756, 1.0, -0.014904000845646082, -0.011698067123134212, -0.011721228696343008, -0.010938845506244426, -0.021873527869442296, -0.001941979598323576, -0.038730581671524614, -0.013346439518318053, -0.01344037681678824, -0.0068646598517243754, -0.0008573179603479096, -0.0017442965948836942, -0.015868382161507384, -0.008126420529944781, -0.009386111868296776, -0.006773087474331166, -0.0006999644847030464, -0.0008573179603479096, -0.022341354304898562, -0.00659671494164808, -0.011405366092813552, -0.007154769693182287, -0.0014003214912053125, -0.012881417415414197, -0.01052571039891887, -0.008544419662433288], [0.2587712975699709, -0.014904000845646082, 1.0, 0.22666282241568655, -0.04280647951157951, -0.0440230924822894, -0.11751901781777671, -0.11706306274881788, -0.14891464466330825, 0.12633947446943533, 0.10753112003961161, -0.05301645170583837, -0.0066211519904974545, -0.03202006486428338, -0.0877768556801293, -0.06099676805596247, -0.0555484696050668, -0.08211286491884674, -0.0054058954268126356, -0.0066211519904974545, -0.10324358488430732, 0.04904812370029772, -0.07392678465768882, -0.055256998904280874, -0.010814822338573003, -0.10179619018769309, -0.03559008480657603, 0.0248613728161227], [0.009496783204375562, -0.011698067123134212, 0.22666282241568655, 1.0, -0.04042210417948641, 0.014466008613727802, -0.0832897002356701, -0.0634866961256537, -0.1649430858344025, 0.24894537005797648, 0.05041834783492707, -0.03062421863920455, -0.0038246166930494306, -0.048183743718668536, -0.06470458501362089, -0.022357032948303292, -0.020039054408351926, -0.042012673008287156, -0.0031226405797571506, -0.0038246166930494306, -0.09262529846008213, -0.00035295837943736413, 0.13158420112755398, -0.03191843967944448, -0.006247032254784802, -0.08022433172517845, -0.040412406295101934, -0.03546775852343772], [-0.05454922327797265, -0.011721228696343008, -0.04280647951157951, -0.04042210417948641, 1.0, -0.12501077537595026, -0.02882290547746898, 0.08208120500417, 0.11378197824722071, -0.04910041264679723, -0.060078138770738435, -0.03068485302217636, -0.003832189238034787, 0.17714509979824772, -0.06789342045960375, 0.14122833745134653, -0.02742577328017406, -0.06077228298651354, -0.0031288232480246093, -0.003832189238034787, -0.06822979006400992, -0.06021504106703793, -0.03681521788614692, 0.06202707646806718, 0.009456627959241017, -0.0710190953313525, -0.029629310734028264, -0.03554794666939152], [-0.10503058442825322, -0.010938845506244426, -0.0440230924822894, 0.014466008613727802, -0.12501077537595026, 1.0, -0.04275222446951697, -0.17228737576470932, -0.2025293542271831, 0.05411745389228228, -0.004288177445251802, -0.08597725705091964, 0.024781912187960144, -0.12853280931195946, -0.1253094631830784, 0.007261434149732331, 0.08736994977781634, -0.12806428748207824, -0.009234534294781539, -0.011310476859013234, 0.12388753415215702, -0.10845598471572125, -0.0498832384985435, -0.0018249120352808717, -0.01847424707517993, -0.2012265413879686, -0.08066594279257915, -0.068071300155151], [0.1374164766580349, -0.021873527869442296, -0.11751901781777671, -0.0832897002356701, -0.02882290547746898, -0.04275222446951697, 1.0, -0.10959098364006875, 0.07632915179237965, -0.10603368786371194, -0.09210751051153179, 0.21566044684219277, -0.007151425867604089, -0.07088942057555944, -0.0921288118751004, -0.06110610033422472, -0.06663098248994487, 0.10639470733343341, -0.005838842009419869, -0.007151425867604089, -0.10594055130434278, -0.09400769604358328, -0.08660977789536757, -0.04647530484500141, -0.011680958288921982, 0.12960062718800547, -0.08124613431842186, -0.06171774674658617], [-0.13184235318610307, -0.001941979598323576, -0.11706306274881788, -0.0634866961256537, 0.08208120500417, -0.17228737576470932, -0.10959098364006875, 1.0, -0.27546318935191066, -0.06942697210349555, -0.07696466866755691, -0.04001844961496966, -0.004997849324110824, 0.056850835788024294, -0.06960620031951538, 0.06489966248535356, -0.04703105109502545, -0.07609589870509326, 0.02085452152153599, -0.004997849324110824, -0.12931214447251135, -0.075345193050421, 0.24987653781560434, 0.03786155999479197, 0.004307663839244188, -0.10833997901462106, -0.01816279051552044, -0.04351330402514013], [-0.10956789764576107, -0.038730581671524614, -0.14891464466330825, -0.1649430858344025, 0.11378197824722071, -0.2025293542271831, 0.07632915179237965, -0.27546318935191066, 1.0, -0.08836078292829996, -0.1002787107508632, 0.0912646525033538, -0.01625190342217764, 0.12843400424613546, -0.19108183290308428, 0.022222308107212194, -0.03249311301504826, -0.005136539037545628, -0.013269003719147368, -0.01625190342217764, 0.15930894107846863, -0.16620231182163525, -0.16776734764284093, 0.025289823931029076, -0.02654544834898023, -0.08829081260263022, 0.14162250234019066, -0.07102456047917391], [-0.09879136550035181, -0.013346439518318053, 0.12633947446943533, 0.24894537005797648, -0.04910041264679723, 0.05411745389228228, -0.10603368786371194, -0.06942697210349555, -0.08836078292829996, 1.0, 0.1373293312957388, -0.03493947141537551, -0.004363542697886107, -0.047392294755271416, -0.07805895209493867, -0.028999466615424026, -0.006767990870104628, -0.06961711809487389, -0.0035626512650756893, -0.004363542697886107, -0.0782093747889513, -0.05228393496544154, 0.028521410388644287, 0.005473951777266681, -0.007127300371920668, -0.09458991131200037, -0.05163272637131175, -0.03170126604134582], [0.021033632707748, -0.01344037681678824, 0.10753112003961161, 0.05041834783492707, -0.060078138770738435, -0.004288177445251802, -0.09210751051153179, -0.07696466866755691, -0.1002787107508632, 0.1373293312957388, 1.0, -0.0322968465874138, -0.004394254964797154, -0.05159283358675788, 0.024951846651169667, -0.031823293772259786, -0.009499242991600453, -0.028190155192474513, -0.0035877265546143916, -0.004394254964797154, -0.02733456207135723, -0.03176396036640319, -0.038740703878727904, -0.03389673004441849, -0.007177465012565455, -0.07034587092030092, -0.052021627576085694, -0.039108773853319685], [-0.059353684263606266, -0.0068646598517243754, -0.05301645170583837, -0.03062421863920455, -0.03068485302217636, -0.08597725705091964, 0.21566044684219277, -0.04001844961496966, 0.0912646525033538, -0.03493947141537551, -0.0322968465874138, 1.0, -0.0022443616013358087, -0.028275184911291565, -0.04154163244656225, -0.02127405121235721, -0.024571780876372674, 0.02206546608960912, -0.00183242797238122, -0.0022443616013358087, -0.050746409833456504, -0.03626337115159809, -0.02985796039721399, -0.01355480960772523, -0.0036658835225044234, 0.028761247735047072, -0.023958637982366804, -0.022368325735625305], [-0.007646998590055133, -0.0008573179603479096, -0.0066211519904974545, -0.0038246166930494306, -0.003832189238034787, 0.024781912187960144, -0.007151425867604089, -0.004997849324110824, -0.01625190342217764, -0.004363542697886107, -0.004394254964797154, -0.0022443616013358087, 1.0, -0.003531249090298229, -0.005188077540311498, -0.002656887098219963, -0.0030687360361716888, -0.004568703329089735, -0.0002288494179899826, -0.0002802952443240213, -0.007304379067108081, -0.004528882721438529, -0.0037289197514219297, -0.0023392113684621726, -0.0004578271687557886, -0.00607604970031089, -0.0034413213118171322, -0.002793549543645169], [-0.03514177823721467, -0.0017442965948836942, -0.03202006486428338, -0.048183743718668536, 0.17714509979824772, -0.12853280931195946, -0.07088942057555944, 0.056850835788024294, 0.12843400424613546, -0.047392294755271416, -0.05159283358675788, -0.028275184911291565, -0.003531249090298229, 1.0, -0.06536105933157851, -0.015543826756355624, -0.03866091757008088, -0.04663062320434931, 0.03096190669992098, -0.003531249090298229, -0.050377361974499574, -0.0570563122778484, -0.038259105903681305, -0.012594477934332972, -0.005767853026124785, -0.056354761380388155, 0.13723827022438703, -0.02094768689146303], [-0.060241471372937866, -0.015868382161507384, -0.0877768556801293, -0.06470458501362089, -0.06789342045960375, -0.1253094631830784, -0.0921288118751004, -0.06960620031951538, -0.19108183290308428, -0.07805895209493867, 0.024951846651169667, -0.04154163244656225, -0.005188077540311498, -0.06536105933157851, 1.0, -0.04704301648600762, -0.05121147635968254, 0.14567459217224077, -0.00423584969645322, -0.005188077540311498, -0.1135667118803557, 0.2320375953370817, -0.0534512795743613, -0.038475976238645945, -0.008474074746771402, 0.1749601046161797, -0.0636965562861806, -0.047636648772535886], [-0.07088835956395524, -0.008126420529944781, -0.06099676805596247, -0.022357032948303292, 0.14122833745134653, 0.007261434149732331, -0.06110610033422472, 0.06489966248535356, 0.022222308107212194, -0.028999466615424026, -0.031823293772259786, -0.02127405121235721, -0.002656887098219963, -0.015543826756355624, -0.04704301648600762, 1.0, 0.008340245654726026, -0.03380284920931545, -0.002169237896130171, -0.002656887098219963, -0.011616963886703286, -0.042928769986662736, -0.018284690831640384, -0.022173121487898118, -0.004339692244209737, -0.05571257084584589, -0.029560299784147884, -0.02647974195441259], [-0.06142128580414116, -0.009386111868296776, -0.0555484696050668, -0.020039054408351926, -0.02742577328017406, 0.08736994977781634, -0.06663098248994487, -0.04703105109502545, -0.03249311301504826, -0.006767990870104628, -0.009499242991600453, -0.024571780876372674, -0.0030687360361716888, -0.03866091757008088, -0.05121147635968254, 0.008340245654726026, 1.0, -0.04587146882496948, -0.0025054954376284144, -0.0030687360361716888, 0.12983903848007688, -0.049583237291060483, -0.025932287895018006, -0.02176689008950808, -0.005012395891652099, -0.06323705093013235, -0.032334940913372676, -0.02085086147537212], [-0.07403815503209168, -0.006773087474331166, -0.08211286491884674, -0.042012673008287156, -0.06077228298651354, -0.12806428748207824, 0.10639470733343341, -0.07609589870509326, -0.005136539037545628, -0.06961711809487389, -0.028190155192474513, 0.02206546608960912, -0.004568703329089735, -0.04663062320434931, 0.14567459217224077, -0.03380284920931545, -0.04587146882496948, 1.0, -0.0037301563940286895, -0.004568703329089735, -0.06888784019066257, 0.004969421624227316, -0.05211425105519384, -0.0381282343634176, -0.007462404562327577, 0.1888202625367116, -0.05236256465114262, -0.04326829641895175], [-0.006243456541422164, -0.0006999644847030464, -0.0054058954268126356, -0.0031226405797571506, -0.0031288232480246093, -0.009234534294781539, -0.005838842009419869, 0.02085452152153599, -0.013269003719147368, -0.0035626512650756893, -0.0035877265546143916, -0.00183242797238122, -0.0002288494179899826, 0.03096190669992098, -0.00423584969645322, -0.002169237896130171, -0.0025054954376284144, -0.0037301563940286895, 1.0, -0.0002288494179899826, -0.005963721940117982, -0.0036976445228160213, 0.02916349860805486, -0.0019098688653071854, -0.00037379685610593384, -0.004960842061190794, -0.00280969583064161, -0.0022808171031626387], [-0.007646998590055133, -0.0008573179603479096, -0.0066211519904974545, -0.0038246166930494306, -0.003832189238034787, -0.011310476859013234, -0.007151425867604089, -0.004997849324110824, -0.01625190342217764, -0.004363542697886107, -0.004394254964797154, -0.0022443616013358087, -0.0002802952443240213, -0.003531249090298229, -0.005188077540311498, -0.002656887098219963, -0.0030687360361716888, -0.004568703329089735, -0.0002288494179899826, 1.0, -0.007304379067108081, -0.004528882721438529, -0.0037289197514219297, -0.0023392113684621726, -0.0004578271687557886, -0.00607604970031089, -0.0034413213118171322, -0.002793549543645169], [-0.13993556538521887, -0.022341354304898562, -0.10324358488430732, -0.09262529846008213, -0.06822979006400992, 0.12388753415215702, -0.10594055130434278, -0.12931214447251135, 0.15930894107846863, -0.0782093747889513, -0.02733456207135723, -0.050746409833456504, -0.007304379067108081, -0.050377361974499574, -0.1135667118803557, -0.011616963886703286, 0.12983903848007688, -0.06888784019066257, -0.005963721940117982, -0.007304379067108081, 1.0, -0.0937563724174165, -0.08396370998683383, -0.005172543025779848, -0.01193078817972135, -0.12575732889303948, -0.00827141935712122, -0.022564564139796812], [0.1029498250139808, -0.00659671494164808, 0.04904812370029772, -0.00035295837943736413, -0.06021504106703793, -0.10845598471572125, -0.09400769604358328, -0.075345193050421, -0.16620231182163525, -0.05228393496544154, -0.03176396036640319, -0.03626337115159809, -0.004528882721438529, -0.0570563122778484, 0.2320375953370817, -0.042928769986662736, -0.049583237291060483, 0.004969421624227316, -0.0036976445228160213, -0.004528882721438529, -0.0937563724174165, 1.0, -0.021832169357649082, -0.03509198114790216, -0.007397362588094108, 0.0820893765214784, -0.051845400288556866, -0.04513689945117934], [-0.08542565896872387, -0.011405366092813552, -0.07392678465768882, 0.13158420112755398, -0.03681521788614692, -0.0498832384985435, -0.08660977789536757, 0.24987653781560434, -0.16776734764284093, 0.028521410388644287, -0.038740703878727904, -0.02985796039721399, -0.0037289197514219297, -0.038259105903681305, -0.0534512795743613, -0.018284690831640384, -0.025932287895018006, -0.05211425105519384, 0.02916349860805486, -0.0037289197514219297, -0.08396370998683383, -0.021832169357649082, 1.0, -0.02469603353374562, 0.010017795369575767, -0.07259732385027254, -0.03239021724075647, -0.020895375300216686], [-0.03315872801814639, -0.007154769693182287, -0.055256998904280874, -0.03191843967944448, 0.06202707646806718, -0.0018249120352808717, -0.04647530484500141, 0.03786155999479197, 0.025289823931029076, 0.005473951777266681, -0.03389673004441849, -0.01355480960772523, -0.0023392113684621726, -0.012594477934332972, -0.038475976238645945, -0.022173121487898118, -0.02176689008950808, -0.0381282343634176, -0.0019098688653071854, -0.0023392113684621726, -0.005172543025779848, -0.03509198114790216, -0.02469603353374562, 1.0, -0.003820808735186269, -0.042206434696101344, -0.02871963794657899, -0.023313641537574488], [-0.012490414250187166, -0.0014003214912053125, -0.010814822338573003, -0.006247032254784802, 0.009456627959241017, -0.01847424707517993, -0.011680958288921982, 0.004307663839244188, -0.02654544834898023, -0.007127300371920668, -0.007177465012565455, -0.0036658835225044234, -0.0004578271687557886, -0.005767853026124785, -0.008474074746771402, -0.004339692244209737, -0.005012395891652099, -0.007462404562327577, -0.00037379685610593384, -0.0004578271687557886, -0.01193078817972135, -0.007397362588094108, 0.010017795369575767, -0.003820808735186269, 1.0, -0.00992446603302714, -0.00562096726531286, -0.004562913228979411], [0.05620460425325803, -0.012881417415414197, -0.10179619018769309, -0.08022433172517845, -0.0710190953313525, -0.2012265413879686, 0.12960062718800547, -0.10833997901462106, -0.08829081260263022, -0.09458991131200037, -0.07034587092030092, 0.028761247735047072, -0.00607604970031089, -0.056354761380388155, 0.1749601046161797, -0.05571257084584589, -0.06323705093013235, 0.1888202625367116, -0.004960842061190794, -0.00607604970031089, -0.12575732889303948, 0.0820893765214784, -0.07259732385027254, -0.042206434696101344, -0.00992446603302714, 1.0, -0.045060678387119746, -0.04979141001089206], [-0.01994446193759553, -0.01052571039891887, -0.03559008480657603, -0.040412406295101934, -0.029629310734028264, -0.08066594279257915, -0.08124613431842186, -0.01816279051552044, 0.14162250234019066, -0.05163272637131175, -0.052021627576085694, -0.023958637982366804, -0.0034413213118171322, 0.13723827022438703, -0.0636965562861806, -0.029560299784147884, -0.032334940913372676, -0.05236256465114262, -0.00280969583064161, -0.0034413213118171322, -0.00827141935712122, -0.051845400288556866, -0.03239021724075647, -0.02871963794657899, -0.00562096726531286, -0.045060678387119746, 1.0, -0.013875526846837674], [-0.016835733441333628, -0.008544419662433288, 0.0248613728161227, -0.03546775852343772, -0.03554794666939152, -0.068071300155151, -0.06171774674658617, -0.04351330402514013, -0.07102456047917391, -0.03170126604134582, -0.039108773853319685, -0.022368325735625305, -0.002793549543645169, -0.02094768689146303, -0.047636648772535886, -0.02647974195441259, -0.02085086147537212, -0.04326829641895175, -0.0022808171031626387, -0.002793549543645169, -0.022564564139796812, -0.04513689945117934, -0.020895375300216686, -0.023313641537574488, -0.004562913228979411, -0.04979141001089206, -0.013875526846837674, 1.0]]}}