{"items": [{"name": "1888", "vec": [0, 0, 0, 0, 0, 0, 0, 2, 0, 0, 0, 0, 0, 0, 0, 0, 0, 0, 0, 0, 0, 0, 2, 0, 0, 0, 0, 0]}, {"name": "1893", "vec": [0, 0, 0, 0, 0, 0, 0, 0, 0, 0, 0, 0, 0, 0, 0, 0, 0, 0, 0, 0, 0, 0, 1, 0, 0, 0, 0, 0]}, {"name": "1894", "vec": [0, 0, 0, 0, 0, 0, 0, 0, 0, 0, 0, 0, 0, 0, 0, 0, 0, 0, 0, 0, 0, 0, 1, 0, 0, 0, 0, 0]}, {"name": "1899", "vec": [0, 0, 0, 0, 0, 1, 0, 0, 0, 0, 0, 0, 0, 0, 0, 0, 0, 0, 0, 0, 1, 0, 1, 0, 0, 0, 0, 0]}, {"name": "1900", "vec": [0, 0, 0, 0, 0, 0, 0, 0, 1, 0, 0, 0, 0, 0, 0, 0, 0, 0, 0, 0, 0, 0, 1, 0, 0, 0, 0, 0]}, {"name": "1902", "vec": [0, 0, 1, 0, 0, 0, 0, 0, 0, 0, 1, 0, 0, 0, 0, 0, 0, 0, 0, 0, 0, 0, 1, 0, 0, 0, 0, 0]}, {"name": "1903", "vec": [1, 0, 0, 0, 0, 0, 0, 0, 0, 0, 0, 0, 0, 0, 0, 0, 0, 0, 0, 0, 0, 0, 2, 0, 0, 0, 0, 1]}, {"name": "1904", "vec": [0, 0, 0, 0, 0, 0, 0, 0, 0, 0, 0, 0, 0, 0, 0, 0, 0, 0, 0, 0, 0, 0, 1, 0, 0, 0, 0, 1]}, {"name": "1910", "vec": [0, 0, 0, 0, 0, 0, 0, 0, 1, 0, 1, 0, 0, 0, 0, 0, 0, 0, 0, 0, 0, 0, 1, 0, 0, 0, 0, 0]}, {"name": "1911", "vec": [0, 0, 0, 0, 0, 0, 1, 0, 2, 0, 0, 0, 0, 1, 0, 0, 0, 0, 0, 0, 1, 0, 4, 0, 0, 0, 0, 1]}, {"name": "1912", "vec": [0, 0, 0, 0, 0, 1, 1, 0, 1, 0, 1, 0, 0, 0, 0, 0, 0, 0, 0, 0, 0, 0, 2, 0, 0, 0, 0, 0]}, {"name": "1913", "vec": [1, 0, 0, 0, 0, 0, 3, 0, 4, 0, 1, 0, 0, 0, 0, 0, 0, 0, 0, 0, 0, 0, 3, 0, 0, 0, 0, 1]}, {"name": "1914", "vec": [1, 0, 1, 0, 0, 2, 0, 0, 4, 0, 0, 0, 0, 0, 0, 0, 0, 0, 0, 0, 1, 0, 2, 0, 0, 0, 1, 1]}, {"name": "1915", "vec": [0, 0, 0, 0, 1, 1, 1, 0, 6, 0, 0, 0, 0, 1, 0, 0, 0, 0, 0, 0, 1, 0, 2, 0, 0, 0, 0, 0]}, {"name": "1916", "vec": [0, 0, 0, 0, 0, 3, 0, 0, 3, 0, 0, 0, 0, 1, 0, 0, 0, 0, 0, 0, 1, 0, 4, 0, 0, 0, 0, 1]}, {"name": "1917", "vec": [2, 0, 1, 0, 1, 6, 0, 0, 6, 0, 0, 0, 0, 2, 0, 0, 0, 0, 0, 0, 0, 0, 4, 0, 0, 0, 1, 0]}, {"name": "1918", "vec": [0, 0, 1, 0, 0, 2, 0, 0, 4, 0, 0, 0, 0, 0, 0, 0, 0, 0, 0, 0, 1, 0, 1, 1, 0, 1, 2, 0]}, {"name": "1919", "vec": [1, 0, 1, 0, 0, 4, 0, 0, 5, 0, 1, 0, 0, 0, 0, 0, 0, 0, 0, 0, 2, 0, 0, 0, 0, 0, 0, 0]}, {"name": "1920", "vec": [0, 0, 0, 0, 0, 4, 1, 0, 3, 0, 0, 0, 0, 0, 3, 0, 0, 0, 0, 0, 2, 1, 3, 0, 0, 0, 0, 0]}, {"name": "1921", "vec": [0, 0, 2, 0, 0, 4, 1, 0, 10, 1, 1, 0, 0, 0, 1, 0, 0, 1, 0, 0, 2, 0, 0, 0, 0, 0, 1, 0]}, {"name": "1922", "vec": [0, 0, 1, 0, 0, 1, 0, 0, 7, 3, 2, 0, 0, 0, 0, 0, 0, 0, 0, 0, 5, 0, 1, 1, 0, 0, 0, 0]}, {"name": "1923", "vec": [0, 0, 0, 0, 0, 6, 0, 0, 3, 0, 0, 0, 0, 0, 0, 0, 0, 0, 0, 0, 4, 0, 1, 0, 0, 1, 0, 0]}, {"name": "1924", "vec": [2, 0, 0, 0, 0, 4, 2, 0, 6, 0, 0, 0, 0, 0, 0, 0, 0, 0, 0, 0, 4, 0, 3, 0, 0, 0, 0, 0]}, {"name": "1925", "vec": [1, 0, 4, 0, 0, 6, 3, 0, 11, 2, 2, 0, 0, 2, 1, 0, 0, 0, 0, 0, 4, 0, 1, 0, 0, 0, 1, 2]}, {"name": "1926", "vec": [2, 0, 3, 0, 0, 7, 1, 0, 11, 1, 1, 0, 0, 0, 3, 1, 0, 0, 0, 0, 6, 0, 2, 0, 0, 0, 0, 0]}, {"name": "1927", "vec": [0, 0, 1, 0, 1, 8, 3, 1, 16, 0, 1, 0, 0, 2, 1, 1, 1, 1, 0, 0, 8, 1, 0, 1, 0, 0, 1, 0]}, {"name": "1928", "vec": [2, 0, 1, 0, 0, 8, 3, 0, 15, 1, 0, 0, 0, 1, 0, 0, 0, 0, 0, 0, 14, 0, 0, 0, 0, 0, 2, 1]}, {"name": "1929", "vec": [0, 0, 4, 0, 0, 5, 2, 1, 20, 0, 0, 0, 0, 1, 0, 0, 10, 1, 0, 0, 13, 0, 1, 1, 0, 1, 1, 0]}, {"name": "1930", "vec": [1, 0, 1, 1, 0, 13, 1, 0, 11, 0, 0, 0, 0, 0, 0, 1, 5, 1, 0, 0, 5, 0, 2, 0, 0, 1, 3, 1]}, {"name": "1931", "vec": [0, 0, 3, 0, 0, 12, 5, 1, 17, 0, 1, 1, 0, 0, 4, 0, 4, 2, 0, 0, 14, 2, 0, 0, 0, 3, 2, 1]}, {"name": "1932", "vec": [1, 0, 4, 0, 0, 10, 8, 0, 16, 1, 0, 1, 0, 0, 8, 0, 1, 3, 0, 0, 10, 1, 2, 0, 0, 2, 1, 0]}, {"name": "1933", "vec": [1, 0, 2, 1, 2, 13, 3, 0, 21, 2, 1, 0, 0, 2, 2, 0, 7, 0, 0, 0, 16, 1, 4, 0, 0, 0, 3, 1]}, {"name": "1934", "vec": [3, 0, 4, 1, 2, 14, 3, 1, 14, 3, 2, 1, 0, 3, 1, 1, 7, 0, 0, 0, 16, 0, 3, 0, 0, 0, 1, 0]}, {"name": "1935", "vec": [2, 0, 4, 0, 0, 11, 4, 1, 14, 2, 1, 1, 0, 4, 3, 2, 6, 2, 0, 0, 12, 2, 1, 0, 0, 1, 2, 0]}, {"name": "1936", "vec": [2, 0, 3, 0, 3, 18, 8, 1, 20, 2, 1, 2, 0, 2, 3, 0, 11, 6, 0, 0, 16, 4, 3, 0, 0, 2, 1, 0]}, {"name": "1937", "vec": [3, 0, 3, 1, 2, 15, 4, 0, 19, 7, 2, 1, 0, 2, 0, 0, 2, 1, 1, 0, 14, 0, 4, 1, 0, 2, 1, 1]}, {"name": "1938", "vec": [4, 0, 4, 1, 1, 13, 5, 3, 14, 2, 1, 2, 0, 4, 0, 1, 4, 3, 0, 0, 16, 0, 3, 2, 0, 1, 1, 1]}, {"name": "1939", "vec": [2, 0, 10, 2, 2, 13, 6, 1, 29, 6, 1, 2, 0, 3, 2, 0, 4, 1, 0, 0, 11, 2, 3, 0, 0, 2, 4, 4]}, {"name": "1940", "vec": [5, 0, 6, 2, 4, 16, 5, 1, 23, 2, 2, 5, 0, 3, 1, 1, 3, 3, 0, 0, 14, 1, 2, 1, 0, 4, 5, 4]}, {"name": "1941", "vec": [3, 0, 7, 0, 2, 21, 4, 1, 23, 1, 1, 3, 0, 2, 2, 0, 10, 2, 0, 0, 17, 1, 0, 0, 0, 3, 1, 1]}, {"name": "1942", "vec": [8, 0, 7, 3, 2, 10, 5, 1, 36, 5, 1, 3, 0, 0, 4, 0, 4, 7, 0, 0, 17, 2, 4, 1, 0, 4, 12, 1]}, {"name": "1943", "vec": [5, 0, 6, 2, 1, 12, 3, 3, 26, 3, 5, 2, 0, 1, 2, 0, 5, 3, 0, 0, 9, 1, 5, 0, 0, 3, 15, 2]}, {"name": "1944", "vec": [1, 0, 4, 1, 2, 10, 7, 1, 23, 6, 2, 7, 0, 2, 2, 2, 2, 2, 0, 0, 10, 1, 2, 0, 0, 1, 10, 1]}, {"name": "1945", "vec": [3, 0, 7, 0, 3, 9, 12, 3, 28, 3, 5, 12, 0, 1, 3, 2, 7, 6, 0, 0, 9, 0, 3, 0, 0, 5, 4, 0]}, {"name": "1946", "vec": [1, 0, 3, 4, 1, 4, 9, 1, 28, 5, 5, 17, 0, 1, 0, 3, 0, 2, 0, 0, 12, 0, 3, 0, 0, 3, 1, 2]}, {"name": "1947", "vec": [2, 0, 7, 1, 0, 12, 20, 0, 33, 2, 4, 23, 0, 0, 0, 1, 3, 7, 0, 0, 9, 0, 1, 0, 0, 3, 0, 1]}, {"name": "1948", "vec": [9, 0, 10, 0, 1, 10, 16, 0, 39, 2, 3, 17, 0, 2, 2, 1, 3, 2, 0, 0, 12, 0, 3, 0, 0, 9, 4, 6]}, {"name": "1949", "vec": [5, 0, 3, 4, 1, 9, 14, 0, 37, 8, 2, 17, 0, 2, 0, 1, 3, 3, 0, 0, 12, 0, 3, 0, 0, 7, 5, 1]}, {"name": "1950", "vec": [4, 0, 8, 2, 1, 7, 17, 3, 31, 5, 3, 20, 0, 1, 0, 1, 3, 3, 0, 0, 11, 2, 2, 2, 0, 7, 3, 9]}, {"name": "1951", "vec": [5, 0, 7, 1, 1, 6, 9, 4, 34, 3, 3, 9, 0, 2, 2, 0, 7, 1, 0, 0, 14, 5, 3, 2, 0, 2, 7, 6]}, {"name": "1952", "vec": [5, 0, 10, 1, 1, 12, 8, 0, 32, 3, 2, 9, 0, 5, 1, 1, 6, 0, 0, 0, 9, 1, 1, 1, 0, 2, 5, 5]}, {"name": "1953", "vec": [6, 0, 12, 3, 1, 14, 12, 1, 42, 5, 2, 9, 0, 5, 5, 0, 6, 2, 0, 0, 15, 5, 2, 2, 0, 7, 5, 10]}, {"name": "1954", "vec": [7, 0, 18, 3, 4, 6, 9, 0, 38, 3, 2, 6, 0, 6, 4, 2, 4, 3, 0, 0, 12, 3, 2, 0, 0, 2, 3, 5]}, {"name": "1955", "vec": [7, 0, 7, 3, 6, 14, 18, 1, 49, 0, 1, 10, 0, 4, 6, 1, 6, 4, 0, 0, 19, 6, 3, 0, 0, 3, 7, 2]}, {"name": "1956", "vec": [6, 0, 9, 0, 5, 9, 6, 0, 33, 1, 3, 4, 0, 5, 5, 0, 6, 3, 0, 0, 14, 6, 4, 1, 0, 4, 5, 6]}, {"name": "1957", "vec": [4, 0, 5, 1, 1, 12, 2, 0, 41, 0, 2, 1, 0, 2, 9, 2, 9, 2, 0, 0, 16, 9, 2, 1, 0, 2, 9, 8]}, {"name": "1958", "vec": [4, 0, 8, 0, 2, 13, 6, 0, 30, 1, 2, 4, 0, 3, 12, 0, 1, 1, 0, 0, 13, 11, 0, 0, 0, 6, 8, 4]}, {"name": "1959", "vec": [6, 0, 9, 1, 1, 13, 7, 0, 37, 5, 5, 0, 0, 3, 7, 1, 3, 4, 0, 0, 10, 9, 1, 0, 0, 5, 12, 8]}, {"name": "1960", "vec": [5, 0, 12, 0, 1, 12, 13, 1, 37, 4, 6, 0, 0, 4, 11, 2, 1, 6, 0, 0, 11, 6, 1, 1, 0, 11, 2, 7]}, {"name": "1961", "vec": [5, 0, 9, 1, 1, 8, 4, 0, 25, 2, 0, 0, 0, 1, 3, 0, 2, 0, 0, 0, 7, 4, 0, 1, 0, 1, 2, 4]}, {"name": "1962", "vec": [9, 0, 16, 1, 4, 10, 4, 0, 40, 4, 5, 0, 0, 6, 4, 0, 2, 2, 0, 0, 9, 1, 3, 0, 0, 7, 4, 5]}, {"name": "1963", "vec": [5, 0, 12, 1, 2, 19, 8, 0, 31, 4, 2, 0, 0, 4, 11, 1, 3, 8, 0, 0, 8, 6, 3, 0, 0, 5, 3, 1]}, {"name": "1964", "vec": [9, 0, 16, 0, 3, 18, 7, 0, 39, 3, 2, 0, 0, 6, 9, 3, 6, 5, 0, 0, 8, 6, 2, 0, 0, 6, 7, 6]}, {"name": "1965", "vec": [9, 0, 17, 0, 1, 10, 2, 1, 36, 2, 3, 0, 0, 6, 4, 1, 3, 4, 0, 0, 5, 8, 2, 0, 0, 5, 12, 10]}, {"name": "1966", "vec": [7, 0, 13, 1, 2, 16, 11, 2, 40, 5, 1, 0, 0, 5, 3, 0, 2, 5, 0, 0, 9, 4, 2, 1, 0, 5, 6, 13]}, {"name": "1967", "vec": [14, 0, 14, 3, 2, 20, 13, 2, 46, 6, 1, 0, 0, 4, 6, 1, 5, 8, 0, 0, 13, 4, 2, 0, 0, 5, 5, 11]}, {"name": "1968", "vec": [12, 0, 16, 3, 3, 20, 11, 1, 48, 4, 6, 0, 0, 3, 6, 1, 4, 9, 0, 0, 9, 5, 2, 0, 0, 7, 9, 14]}, {"name": "1969", "vec": [9, 0, 12, 1, 1, 13, 11, 2, 47, 4, 3, 0, 0, 4, 3, 1, 2, 1, 0, 0, 8, 4, 1, 1, 0, 4, 10, 10]}, {"name": "1970", "vec": [12, 0, 15, 2, 3, 12, 9, 2, 44, 3, 5, 0, 0, 9, 6, 1, 1, 5, 0, 0, 9, 6, 0, 0, 0, 10, 6, 12]}, {"name": "1971", "vec": [19, 3, 13, 0, 4, 21, 16, 3, 47, 4, 5, 0, 0, 3, 8, 0, 3, 9, 0, 0, 11, 7, 1, 1, 0, 20, 6, 17]}, {"name": "1972", "vec": [16, 3, 10, 0, 2, 14, 12, 4, 36, 4, 4, 0, 0, 4, 12, 1, 2, 4, 0, 0, 6, 7, 1, 0, 0, 9, 2, 11]}, {"name": "1973", "vec": [21, 0, 5, 5, 5, 20, 22, 3, 46, 4, 5, 0, 0, 2, 14, 0, 1, 5, 0, 0, 3, 6, 1, 1, 0, 12, 2, 7]}, {"name": "1974", "vec": [21, 0, 8, 3, 3, 18, 17, 4, 38, 5, 4, 0, 0, 2, 8, 0, 1, 4, 0, 0, 5, 5, 2, 1, 0, 13, 1, 2]}, {"name": "1975", "vec": [11, 1, 12, 0, 4, 22, 9, 2, 32, 2, 5, 0, 0, 3, 7, 2, 5, 8, 0, 0, 8, 6, 0, 1, 0, 4, 5, 5]}, {"name": "1976", "vec": [8, 3, 6, 2, 3, 21, 10, 4, 35, 4, 5, 0, 0, 6, 8, 3, 2, 11, 0, 0, 8, 6, 0, 3, 0, 13, 1, 7]}, {"name": "1977", "vec": [15, 1, 18, 3, 4, 18, 6, 3, 38, 3, 10, 0, 0, 6, 11, 1, 0, 8, 0, 0, 6, 8, 0, 2, 0, 12, 9, 0]}, {"name": "1978", "vec": [17, 1, 11, 2, 3, 24, 14, 5, 37, 3, 3, 0, 0, 1, 14, 6, 3, 8, 0, 0, 12, 9, 1, 2, 0, 10, 3, 1]}, {"name": "1979", "vec": [14, 1, 13, 5, 3, 23, 6, 1, 32, 7, 3, 0, 0, 4, 11, 3, 2, 4, 0, 0, 9, 12, 1, 3, 0, 6, 5, 3]}, {"name": "1980", "vec": [21, 0, 14, 2, 6, 25, 11, 4, 37, 5, 4, 0, 0, 2, 15, 3, 3, 6, 0, 0, 4, 6, 4, 2, 0, 12, 4, 2]}, {"name": "1981", "vec": [17, 0, 18, 6, 7, 29, 12, 5, 42, 4, 8, 0, 0, 5, 17, 2, 7, 5, 0, 0, 10, 4, 3, 3, 0, 15, 1, 2]}, {"name": "1982", "vec": [16, 0, 12, 7, 3, 37, 13, 9, 43, 8, 7, 0, 0, 5, 14, 2, 7, 10, 0, 0, 9, 11, 3, 1, 0, 7, 2, 0]}, {"name": "1983", "vec": [19, 0, 17, 5, 2, 33, 10, 9, 44, 3, 10, 0, 0, 4, 12, 5, 4, 7, 0, 0, 11, 10, 2, 1, 0, 13, 4, 0]}, {"name": "1984", "vec": [23, 1, 17, 4, 3, 38, 14, 4, 33, 6, 9, 0, 0, 3, 10, 6, 1, 2, 0, 0, 14, 16, 2, 1, 0, 7, 3, 0]}, {"name": "1985", "vec": [24, 0, 25, 3, 6, 42, 18, 9, 45, 12, 11, 0, 0, 5, 12, 3, 4, 6, 0, 0, 18, 13, 2, 2, 0, 11, 4, 1]}, {"name": "1986", "vec": [22, 0, 23, 9, 5, 41, 20, 2, 45, 9, 8, 0, 0, 5, 12, 3, 1, 8, 0, 0, 16, 13, 2, 5, 0, 10, 2, 0]}, {"name": "1987", "vec": [26, 0, 19, 5, 4, 50, 23, 4, 55, 10, 11, 0, 0, 5, 18, 3, 2, 4, 0, 0, 20, 9, 4, 1, 1, 14, 5, 1]}, {"name": "1988", "vec": [26, 0, 17, 9, 6, 46, 26, 5, 58, 9, 8, 0, 0, 2, 17, 7, 2, 8, 0, 0, 24, 9, 1, 3, 0, 13, 5, 1]}, {"name": "1989", "vec": [37, 1, 17, 9, 5, 58, 29, 4, 54, 11, 10, 0, 0, 7, 21, 5, 4, 8, 0, 0, 14, 15, 4, 4, 0, 16, 5, 0]}, {"name": "1990", "vec": [23, 0, 17, 2, 7, 40, 27, 9, 57, 8, 10, 0, 0, 3, 14, 4, 2, 9, 0, 0, 25, 9, 0, 1, 0, 20, 3, 1]}, {"name": "1991", "vec": [26, 0, 19, 6, 4, 60, 22, 7, 60, 9, 18, 0, 0, 2, 7, 5, 4, 4, 0, 0, 15, 7, 2, 0, 0, 15, 2, 2]}, {"name": "1992", "vec": [24, 1, 15, 4, 8, 45, 28, 10, 69, 7, 8, 0, 0, 3, 10, 3, 2, 8, 0, 0, 26, 7, 1, 6, 0, 20, 2, 1]}, {"name": "1993", "vec": [43, 0, 21, 10, 20, 64, 33, 9, 103, 20, 12, 0, 0, 13, 12, 11, 3, 17, 0, 0, 23, 9, 5, 2, 0, 21, 3, 3]}, {"name": "1994", "vec": [34, 0, 23, 10, 8, 75, 29, 13, 80, 23, 14, 0, 0, 3, 12, 4, 3, 10, 0, 0, 25, 11, 3, 10, 0, 20, 3, 2]}, {"name": "1995", "vec": [43, 0, 23, 12, 12, 61, 33, 13, 87, 16, 16, 0, 0, 5, 17, 4, 2, 14, 0, 0, 28, 16, 3, 3, 0, 23, 3, 2]}, {"name": "1996", "vec": [36, 0, 28, 6, 8, 75, 26, 11, 104, 18, 13, 0, 0, 10, 12, 5, 6, 6, 0, 0, 33, 12, 4, 8, 0, 28, 6, 0]}, {"name": "1997", "vec": [41, 0, 25, 12, 11, 69, 39, 24, 104, 19, 14, 0, 0, 10, 10, 5, 5, 21, 0, 0, 29, 17, 8, 1, 0, 23, 5, 1]}, {"name": "1998", "vec": [46, 1, 28, 17, 10, 97, 42, 17, 100, 15, 11, 0, 0, 5, 18, 9, 3, 21, 0, 0, 40, 19, 11, 6, 0, 27, 6, 2]}, {"name": "1999", "vec": [41, 0, 25, 14, 13, 82, 34, 18, 105, 13, 15, 0, 0, 8, 19, 7, 7, 22, 0, 0, 35, 15, 7, 5, 0, 36, 7, 2]}, {"name": "2000", "vec": [39, 0, 29, 18, 16, 93, 39, 34, 126, 12, 18, 0, 0, 8, 19, 8, 8, 17, 0, 0, 57, 17, 15, 8, 0, 37, 12, 2]}, {"name": "2001", "vec": [56, 0, 35, 19, 15, 97, 50, 36, 129, 15, 21, 0, 0, 8, 18, 6, 9, 29, 0, 0, 50, 17, 15, 7, 0, 37, 8, 3]}, {"name": "2002", "vec": [51, 0, 35, 14, 17, 95, 49, 39, 148, 19, 20, 0, 0, 12, 22, 3, 7, 29, 0, 0, 53, 16, 23, 4, 0, 37, 11, 1]}, {"name": "2003", "vec": [63, 2, 41, 27, 16, 96, 51, 60, 130, 18, 21, 0, 0, 11, 20, 5, 6, 14, 0, 1, 48, 18, 38, 3, 0, 34, 5, 1]}, {"name": "2004", "vec": [68, 0, 43, 19, 20, 108, 46, 53, 157, 22, 20, 0, 0, 10, 27, 13, 5, 27, 0, 0, 60, 19, 26, 4, 0, 41, 6, 2]}, {"name": "2005", "vec": [56, 0, 39, 20, 21, 131, 56, 57, 177, 31, 18, 0, 1, 14, 37, 14, 12, 28, 0, 0, 60, 16, 28, 15, 0, 41, 6, 2]}, {"name": "2006", "vec": [58, 2, 44, 30, 21, 127, 49, 63, 172, 29, 28, 0, 0, 21, 30, 11, 3, 23, 0, 0, 51, 20, 21, 16, 3, 43, 13, 0]}, {"name": "2007", "vec": [56, 1, 34, 22, 28, 115, 67, 60, 185, 23, 24, 0, 0, 16, 47, 11, 7, 40, 0, 0, 53, 20, 29, 12, 2, 60, 9, 2]}, {"name": "2008", "vec": [72, 2, 52, 27, 30, 116, 58, 37, 190, 24, 24, 0, 0, 26, 35, 15, 4, 23, 0, 0, 55, 22, 16, 10, 0, 43, 14, 1]}, {"name": "2009", "vec": [71, 1, 54, 26, 23, 131, 56, 35, 187, 26, 28, 0, 0, 19, 36, 11, 3, 46, 0, 0, 43, 29, 10, 9, 1, 43, 11, 0]}, {"name": "2010", "vec": [78, 3, 43, 22, 19, 121, 42, 42, 160, 26, 23, 0, 1, 15, 29, 7, 3, 21, 0, 0, 46, 18, 17, 4, 0, 54, 5, 2]}, {"name": "2011", "vec": [68, 0, 44, 22, 15, 103, 42, 41, 130, 16, 23, 0, 0, 12, 32, 4, 3, 16, 0, 0, 38, 33, 18, 6, 1, 53, 5, 1]}, {"name": "2012", "vec": [69, 0, 40, 19, 10, 96, 40, 33, 100, 12, 21, 0, 0, 8, 21, 2, 2, 17, 0, 1, 32, 27, 14, 4, 0, 51, 3, 2]}, {"name": "2013", "vec": [63, 0, 33, 14, 24, 81, 47, 25, 103, 8, 17, 0, 1, 7, 25, 4, 1, 15, 1, 1, 24, 26, 19, 2, 0, 49, 0, 2]}, {"name": "2014", "vec": [22, 0, 14, 7, 0, 15, 8, 3, 19, 1, 11, 0, 0, 0, 2, 0, 0, 5, 0, 0, 5, 5, 4, 0, 0, 7, 1, 0]}, {"name": "2015", "vec": [2, 0, 3, 1, 1, 0, 0, 0, 4, 1, 0, 0, 0, 0, 1, 0, 0, 0, 0, 0, 0, 2, 1, 0, 0, 1, 0, 0]}, {"name": "2016", "vec": [1, 0, 1, 0, 0, 0, 0, 0, 1, 0, 0, 0, 0, 0, 0, 0, 0, 0, 0, 0, 0, 0, 0, 0, 0, 0, 0, 0]}, {"name": "2017", "vec": [1, 0, 1, 0, 0, 0, 0, 0, 0, 0, 1, 0, 0, 0, 0, 0, 0, 0, 0, 0, 0, 0, 0, 0, 0, 0, 0, 0]}], "labels": [{"name": "Action"}, {"name": "Adult"}, {"name": "Adventure"}, {"name": "Animation"}, {"name": "Biography"}, {"name": "Comedy"}, {"name": "Crime"}, {"name": "Documentary"}, {"name": "Drama"}, {"name": "Family"}, {"name": "Fantasy"}, {"name": "FilmNoir"}, {"name": "GameShow"}, {"name": "History"}, {"name": "Horror"}, {"name": "Music"}, {"name": "Musical"}, {"name": "Mystery"}, {"name": "News"}, {"name": "RealityTV"}, {"name": "Romance"}, {"name": "SciFi"}, {"name": "Short"}, {"name": "Sport"}, {"name": "TalkShow"}, {"name": "Thriller"}, {"name": "War"}, {"name": "Western"}], "corr": {"spearman": [[1.0, 0.4212453190895487, 0.9461992684385065, 0.8597299842044909, 0.9003613741484869, 0.9182934845335861, 0.9052903044266061, 0.8464951184813648, 0.9348264620800687, 0.8740072438425224, 0.9017516934778995, -0.19316915129123047, 0.2539566021965079, 0.8239317267052151, 0.8923708596421475, 0.7936221176437946, 0.4887258165000624, 0.8807127658853477, 0.07146112284200667, 0.2547705656650865, 0.7494974013343305, 0.8990497244091252, 0.5206871173788975, 0.7435708644201099, 0.3053520124772196, 0.9403292132817399, 0.6537044675250364, 0.3817742132550109], [0.4212453190895487, 1.0, 0.36692388173346535, 0.3051871398020685, 0.3975785895320879, 0.4262826540881918, 0.3734836970586984, 0.42319885506628085, 0.34700185715529447, 0.35047588759684967, 0.3976697296004454, -0.2249158391646214, 0.10292959423199272, 0.36510516032659635, 0.4286175694952187, 0.41060146654734664, 0.0826854068135361, 0.41706302216580493, -0.05470877628339354, 0.0936923229547626, 0.24595948088931793, 0.4453025167803916, 0.060338989625430335, 0.4333587128241764, 0.2672622756428742, 0.41657820779527344, 0.28277654635974464, 0.060236987825935354], [0.9461992684385065, 0.36692388173346535, 1.0, 0.8272044120828446, 0.8799141496325361, 0.8997274322016291, 0.886418380333224, 0.8148003296507377, 0.9369738160708371, 0.8740756720168099, 0.9009481319758318, -0.14134423580451844, 0.24059708102299227, 0.866603081929845, 0.8905609322032564, 0.8018667039733849, 0.550734008573846, 0.8775833730160751, 0.03964524079143743, 0.23978425304656323, 0.7764968561403258, 0.8987502826433614, 0.47493563192127614, 0.7248440307257822, 0.3152300385227027, 0.9246255480180805, 0.7030973755161298, 0.3911498037803831], [0.8597299842044909, 0.3051871398020685, 0.8272044120828446, 1.0, 0.8149959463034835, 0.833129140980714, 0.8333590885539839, 0.8062229900421064, 0.8439636752496752, 0.8616680650650895, 0.8219705028389039, -0.1100058171172408, 0.24542589762750477, 0.7107629467825323, 0.7559856176380177, 0.7639648953403443, 0.44595605694493634, 0.7877011552416776, 0.07966724446203428, 0.24793879077727443, 0.7376663817347606, 0.7858803057771626, 0.5960036389105676, 0.738273986329609, 0.3214300305232651, 0.8318886921078261, 0.5610649696673026, 0.22695162361455384], [0.9003613741484869, 0.3975785895320879, 0.8799141496325361, 0.8149959463034835, 1.0, 0.8922293008125637, 0.8630626823576549, 0.813866156917197, 0.8987164485184312, 0.8466372477903452, 0.8418030890271399, -0.10989923194951973, 0.2602170324346247, 0.8493829035079908, 0.8691128519924893, 0.7747554861973321, 0.5528825209022573, 0.8588942146979787, 0.11246026057057673, 0.23468941216413935, 0.7832882146991822, 0.8562458438654401, 0.5398505739321816, 0.741919609328985, 0.2981693817293523, 0.8820007273526412, 0.6389096100916534, 0.34687733462023346], [0.9182934845335861, 0.4262826540881918, 0.8997274322016291, 0.833129140980714, 0.8922293008125637, 1.0, 0.8924651844983328, 0.8534156764769347, 0.9039098021644612, 0.8615843761580751, 0.8600063592898781, -0.16065491827011738, 0.2500778715368663, 0.8104018014816693, 0.8942935955558603, 0.8078377060958561, 0.5947780049227144, 0.8940317068230655, 0.09801491508960361, 0.2216599315894951, 0.8246421181511056, 0.8835013292675276, 0.49738973564259376, 0.7505162971716837, 0.317675323380616, 0.9068548691042995, 0.6295672605742682, 0.2939193617973374], [0.9052903044266061, 0.3734836970586984, 0.886418380333224, 0.8333590885539839, 0.8630626823576549, 0.8924651844983328, 1.0, 0.8448838511158612, 0.9385972105024317, 0.8862532202303304, 0.880843233931715, -0.008715251226554558, 0.24558265848258887, 0.7746787526768125, 0.8457207549040995, 0.8012977780587878, 0.5462340443247787, 0.8975671764616294, 0.061477311735643074, 0.23989034520650238, 0.8173703807947645, 0.8320428623694, 0.5160837124997311, 0.7237259096959802, 0.30871989040537157, 0.9279158541298412, 0.6117748732844306, 0.3762468201971527], [0.8464951184813648, 0.42319885506628085, 0.8148003296507377, 0.8062229900421064, 0.813866156917197, 0.8534156764769347, 0.8448838511158612, 1.0, 0.815128534574545, 0.8057629036028903, 0.8414046054629098, -0.19510375078938738, 0.2538641591652387, 0.7070483460767473, 0.7988911368718506, 0.7663222633813983, 0.48595025891794813, 0.8427869819345482, 0.018389236288464984, 0.24464796856848084, 0.7244130022660827, 0.8095980785397191, 0.4899465182385939, 0.7800113832694346, 0.31072946115629363, 0.8589287663794345, 0.519805672104337, 0.19188359156420176], [0.9348264620800687, 0.34700185715529447, 0.9369738160708371, 0.8439636752496752, 0.8987164485184312, 0.9039098021644612, 0.9385972105024317, 0.815128534574545, 1.0, 0.879865996374651, 0.8836201684823835, -0.0901232041056153, 0.24175872663218098, 0.8533140633779819, 0.8840670039105991, 0.7935305473053709, 0.5925774853175547, 0.8937684677767774, 0.041547759731183624, 0.21255297442158194, 0.8242002337443453, 0.8785435587430264, 0.5002453706804048, 0.7331287246770423, 0.31367534343029685, 0.9360044647669786, 0.7389217632654737, 0.45567628751280576], [0.8740072438425224, 0.35047588759684967, 0.8740756720168099, 0.8616680650650895, 0.8466372477903452, 0.8615843761580751, 0.8862532202303304, 0.8057629036028903, 0.879865996374651, 1.0, 0.8677177663135767, -0.0856583255115341, 0.23337550140506125, 0.7846395950289535, 0.7951244634499202, 0.7782199686158177, 0.4807776912597145, 0.8277956736940839, 0.1128291387562241, 0.18751926253248782, 0.7774681453655263, 0.7945795149593942, 0.5385770470875033, 0.7347913209693642, 0.3116240307194899, 0.8719493287582301, 0.6256909560950185, 0.33508540606775544], [0.9017516934778995, 0.3976697296004454, 0.9009481319758318, 0.8219705028389039, 0.8418030890271399, 0.8600063592898781, 0.880843233931715, 0.8414046054629098, 0.8836201684823835, 0.8677177663135767, 1.0, -0.1372785277371662, 0.23216526146583188, 0.7760708031868286, 0.8353147441672358, 0.8105074309983366, 0.4520643370624766, 0.861055744256114, 0.07077333674168573, 0.23625267804093458, 0.7229276846480189, 0.8394430327977171, 0.49044909744951853, 0.7155272830554084, 0.32884115036899836, 0.9115810591118083, 0.6055883701296126, 0.3064965133325888], [-0.19316915129123047, -0.2249158391646214, -0.14134423580451844, -0.1100058171172408, -0.10989923194951973, -0.16065491827011738, -0.008715251226554558, -0.19510375078938738, -0.0901232041056153, -0.0856583255115341, -0.1372785277371662, 1.0, -0.08872520629367252, -0.09847445789892317, -0.23568646138809465, -0.15577233172097046, 0.3410008345254897, -0.1153284161184168, 0.05476187142459558, -0.08872520629367252, 0.1754966088407225, -0.23305862102506952, 0.02700553605962467, -0.2062495100317242, -0.11554235602418111, -0.13314354975177697, 0.15251440152786513, 0.18586414400612725], [0.2539566021965079, 0.10292959423199272, 0.24059708102299227, 0.24542589762750477, 0.2602170324346247, 0.2500778715368663, 0.24558265848258887, 0.2538641591652387, 0.24175872663218098, 0.23337550140506125, 0.23216526146583188, -0.08872520629367252, 1.0, 0.2378640005814786, 0.2583827262992447, 0.23456895255664045, 0.07325834850018738, 0.23390135923634509, 0.39566297537722106, 0.31563421828908556, 0.2299198050938856, 0.23851564379617887, 0.25758893207214184, 0.21889906854259644, -0.03457299572209489, 0.26014825512417417, 0.01718666215424436, 0.09261749147882392], [0.8239317267052151, 0.36510516032659635, 0.866603081929845, 0.7107629467825323, 0.8493829035079908, 0.8104018014816693, 0.7746787526768125, 0.7070483460767473, 0.8533140633779819, 0.7846395950289535, 0.7760708031868286, -0.09847445789892317, 0.2378640005814786, 1.0, 0.7951564900539104, 0.730590458742062, 0.5690334740900189, 0.7698472597283758, 0.0590085792502239, 0.2124371591400102, 0.723104995802742, 0.8123638555846545, 0.4899944341869835, 0.6654900969008515, 0.3122518128560687, 0.8006553450051326, 0.6857705485055814, 0.4299003432557457], [0.8923708596421475, 0.4286175694952187, 0.8905609322032564, 0.7559856176380177, 0.8691128519924893, 0.8942935955558603, 0.8457207549040995, 0.7988911368718506, 0.8840670039105991, 0.7951244634499202, 0.8353147441672358, -0.23568646138809465, 0.2583827262992447, 0.7951564900539104, 1.0, 0.7731694752182522, 0.4924705103415449, 0.862946395896637, 0.015002948110287032, 0.23295458498090632, 0.7179186820044869, 0.9423366720905966, 0.43640538541413704, 0.7173706738348584, 0.3341803346800571, 0.8918281809110791, 0.6327629365276394, 0.30963071783581597], [0.7936221176437946, 0.41060146654734664, 0.8018667039733849, 0.7639648953403443, 0.7747554861973321, 0.8078377060958561, 0.8012977780587878, 0.7663222633813983, 0.7935305473053709, 0.7782199686158177, 0.8105074309983366, -0.15577233172097046, 0.23456895255664045, 0.730590458742062, 0.7731694752182522, 1.0, 0.4724425702692762, 0.7907949356077796, 0.002065157508906533, 0.15496793616557833, 0.7071629194115587, 0.7663130504083848, 0.43486647119710886, 0.683799199441316, 0.2928082628939404, 0.7850982176233198, 0.5365756190478326, 0.18000084002066968], [0.4887258165000624, 0.0826854068135361, 0.550734008573846, 0.44595605694493634, 0.5528825209022573, 0.5947780049227144, 0.5462340443247787, 0.48595025891794813, 0.5925774853175547, 0.4807776912597145, 0.4520643370624766, 0.3410008345254897, 0.07325834850018738, 0.5690334740900189, 0.4924705103415449, 0.4724425702692762, 1.0, 0.5557858789565517, -0.05921770259369246, 0.013993167691047026, 0.6870969078346484, 0.4792036740848841, 0.4082959913397678, 0.39532562599567794, 0.08097042222038443, 0.4951861542846103, 0.6256235650715035, 0.3575529038593046], [0.8807127658853477, 0.41706302216580493, 0.8775833730160751, 0.7877011552416776, 0.8588942146979787, 0.8940317068230655, 0.8975671764616294, 0.8427869819345482, 0.8937684677767774, 0.8277956736940839, 0.861055744256114, -0.1153284161184168, 0.23390135923634509, 0.7698472597283758, 0.862946395896637, 0.7907949356077796, 0.5557858789565517, 1.0, 0.04002951263022326, 0.20681804395634723, 0.745258087843085, 0.8513278831871004, 0.4754038697775652, 0.7080564917260519, 0.2737180013929178, 0.9216502439945748, 0.6397616180959278, 0.3274972653943606], [0.07146112284200667, -0.05470877628339354, 0.03964524079143743, 0.07966724446203428, 0.11246026057057673, 0.09801491508960361, 0.061477311735643074, 0.018389236288464984, 0.041547759731183624, 0.1128291387562241, 0.07077333674168573, 0.05476187142459558, 0.39566297537722106, 0.0590085792502239, 0.015002948110287032, 0.002065157508906533, -0.05921770259369246, 0.04002951263022326, 1.0, 0.39566297537722106, 0.10500941473695873, 0.0301906668941436, 0.16959068378644607, 0.08261718648735461, -0.02810464985685826, 0.07481479432309229, -0.13971167726852882, 0.02645305341325001], [0.2547705656650865, 0.0936923229547626, 0.23978425304656323, 0.24793879077727443, 0.23468941216413935, 0.2216599315894951, 0.23989034520650238, 0.24464796856848084, 0.21255297442158194, 0.18751926253248782, 0.23625267804093458, -0.08872520629367252, 0.31563421828908556, 0.2124371591400102, 0.23295458498090632, 0.15496793616557833, 0.013993167691047026, 0.20681804395634723, 0.39566297537722106, 1.0, 0.207983993300476, 0.260799112247725, 0.25429706073575664, 0.18328453754955495, -0.03457299572209489, 0.2478771110145433, -0.03437332430848872, 0.05256668435284601], [0.7494974013343305, 0.24595948088931793, 0.7764968561403258, 0.7376663817347606, 0.7832882146991822, 0.8246421181511056, 0.8173703807947645, 0.7244130022660827, 0.8242002337443453, 0.7774681453655263, 0.7229276846480189, 0.1754966088407225, 0.2299198050938856, 0.723104995802742, 0.7179186820044869, 0.7071629194115587, 0.6870969078346484, 0.745258087843085, 0.10500941473695873, 0.207983993300476, 1.0, 0.7330953200102613, 0.5377772147457183, 0.6775594685076487, 0.2939223165323083, 0.7537972497280686, 0.6306963317952577, 0.2649434993889333], [0.8990497244091252, 0.4453025167803916, 0.8987502826433614, 0.7858803057771626, 0.8562458438654401, 0.8835013292675276, 0.8320428623694, 0.8095980785397191, 0.8785435587430264, 0.7945795149593942, 0.8394430327977171, -0.23305862102506952, 0.23851564379617887, 0.8123638555846545, 0.9423366720905966, 0.7663130504083848, 0.4792036740848841, 0.8513278831871004, 0.0301906668941436, 0.260799112247725, 0.7330953200102613, 1.0, 0.4235050899369568, 0.7426091804027705, 0.31568050785078855, 0.887385208509457, 0.6688996620569542, 0.33711392669347234], [0.5206871173788975, 0.060338989625430335, 0.47493563192127614, 0.5960036389105676, 0.5398505739321816, 0.49738973564259376, 0.5160837124997311, 0.4899465182385939, 0.5002453706804048, 0.5385770470875033, 0.49044909744951853, 0.02700553605962467, 0.25758893207214184, 0.4899944341869835, 0.43640538541413704, 0.43486647119710886, 0.4082959913397678, 0.4754038697775652, 0.16959068378644607, 0.25429706073575664, 0.5377772147457183, 0.4235050899369568, 1.0, 0.41164661233385796, 0.3042730964797977, 0.4749446932315062, 0.35436936513474493, 0.05873373936015559], [0.7435708644201099, 0.4333587128241764, 0.7248440307257822, 0.738273986329609, 0.741919609328985, 0.7505162971716837, 0.7237259096959802, 0.7800113832694346, 0.7331287246770423, 0.7347913209693642, 0.7155272830554084, -0.2062495100317242, 0.21889906854259644, 0.6654900969008515, 0.7173706738348584, 0.683799199441316, 0.39532562599567794, 0.7080564917260519, 0.08261718648735461, 0.18328453754955495, 0.6775594685076487, 0.7426091804027705, 0.41164661233385796, 1.0, 0.30545782438571806, 0.7561333008643766, 0.48002438493107547, 0.1816624675515253], [0.3053520124772196, 0.2672622756428742, 0.3152300385227027, 0.3214300305232651, 0.2981693817293523, 0.317675323380616, 0.30871989040537157, 0.31072946115629363, 0.31367534343029685, 0.3116240307194899, 0.32884115036899836, -0.11554235602418111, -0.03457299572209489, 0.3122518128560687, 0.3341803346800571, 0.2928082628939404, 0.08097042222038443, 0.2737180013929178, -0.02810464985685826, -0.03457299572209489, 0.2939223165323083, 0.31568050785078855, 0.3042730964797977, 0.30545782438571806, 1.0, 0.31563435602599904, 0.2513764277143883, -0.09213877382147448], [0.9403292132817399, 0.41657820779527344, 0.9246255480180805, 0.8318886921078261, 0.8820007273526412, 0.9068548691042995, 0.9279158541298412, 0.8589287663794345, 0.9360044647669786, 0.8719493287582301, 0.9115810591118083, -0.13314354975177697, 0.26014825512417417, 0.8006553450051326, 0.8918281809110791, 0.7850982176233198, 0.4951861542846103, 0.9216502439945748, 0.07481479432309229, 0.2478771110145433, 0.7537972497280686, 0.887385208509457, 0.4749446932315062, 0.7561333008643766, 0.31563435602599904, 1.0, 0.6433209174131393, 0.3911040604047382], [0.6537044675250364, 0.28277654635974464, 0.7030973755161298, 0.5610649696673026, 0.6389096100916534, 0.6295672605742682, 0.6117748732844306, 0.519805672104337, 0.7389217632654737, 0.6256909560950185, 0.6055883701296126, 0.15251440152786513, 0.01718666215424436, 0.6857705485055814, 0.6327629365276394, 0.5365756190478326, 0.6256235650715035, 0.6397616180959278, -0.13971167726852882, -0.03437332430848872, 0.6306963317952577, 0.6688996620569542, 0.35436936513474493, 0.48002438493107547, 0.2513764277143883, 0.6433209174131393, 1.0, 0.5194372974048587], [0.3817742132550109, 0.060236987825935354, 0.3911498037803831, 0.22695162361455384, 0.34687733462023346, 0.2939193617973374, 0.3762468201971527, 0.19188359156420176, 0.45567628751280576, 0.33508540606775544, 0.3064965133325888, 0.18586414400612725, 0.09261749147882392, 0.4299003432557457, 0.30963071783581597, 0.18000084002066968, 0.3575529038593046, 0.3274972653943606, 0.02645305341325001, 0.05256668435284601, 0.2649434993889333, 0.33711392669347234, 0.05873373936015559, 0.1816624675515253, -0.09213877382147448, 0.3911040604047382, 0.5194372974048587, 1.0]]}}